Timestamp NoNodes NoLinks AverageDegree MaxDeg Singletons Doubletons MeanSquaredDeg Assortativity AverageClustering TriCount 
10 0 0 0.000000 0 0 0 0.000000 0.000000 0.000000 0 
20 8 11 2.750000 4 0 3 8.000000 -0.425926 0.187500 1 
30 9 14 3.111111 4 0 3 10.444444 -0.410853 0.222222 2 
40 10 17 3.400000 5 0 2 12.600000 -0.426174 0.263333 3 
50 11 20 3.636364 5 0 2 14.363636 -0.253133 0.251515 4 
60 11 23 4.181818 6 0 1 18.727273 0.031136 0.284848 9 
70 11 26 4.727273 8 0 1 24.909091 -0.114079 0.438312 18 
80 12 29 4.833333 8 0 1 26.333333 -0.085161 0.390675 19 
90 13 32 4.923077 9 0 1 28.153846 -0.171606 0.391514 21 
100 13 35 5.384615 10 0 1 34.769231 -0.202905 0.547741 35 
110 14 38 5.428571 10 0 1 36.000000 -0.223877 0.538265 37 
120 14 41 5.857143 10 0 1 41.571429 -0.254900 0.604478 47 
130 14 44 6.285714 10 0 1 47.714286 -0.233974 0.635884 60 
140 15 47 6.266667 11 0 1 47.866667 -0.169199 0.569923 61 
150 16 50 6.250000 11 0 1 48.125000 -0.159642 0.532607 62 
160 17 53 6.235294 12 0 1 48.470588 -0.175746 0.511285 63 
170 18 56 6.222222 12 0 1 49.111111 -0.203696 0.487398 64 
180 19 59 6.210526 13 0 1 49.473684 -0.200447 0.461355 65 
190 20 62 6.200000 14 0 1 50.700000 -0.252120 0.463139 67 
200 21 65 6.190476 14 0 1 49.714286 -0.146427 0.401402 67 
210 21 68 6.476190 14 0 1 53.333333 -0.160896 0.421480 74 
220 22 71 6.454545 15 0 1 54.909091 -0.229276 0.442407 77 
230 23 74 6.434783 15 0 1 54.521739 -0.180299 0.394318 77 
240 24 77 6.416667 15 0 1 54.083333 -0.140283 0.364925 77 
250 25 80 6.400000 15 0 1 54.560000 -0.145936 0.369261 79 
260 26 83 6.384615 15 0 1 54.769231 -0.139085 0.377325 81 
270 27 86 6.370370 15 0 1 54.814815 -0.126727 0.365900 82 
280 27 89 6.592593 15 0 1 57.111111 -0.102476 0.363203 86 
290 27 92 6.814815 15 0 1 60.444444 -0.112126 0.391220 93 
300 28 95 6.785714 15 0 1 59.714286 -0.085287 0.387962 94 
310 29 98 6.758621 15 0 1 59.310345 -0.067656 0.362023 94 
320 30 101 6.733333 15 0 1 59.000000 -0.067265 0.359982 95 
330 31 104 6.709677 16 0 1 59.677419 -0.099159 0.366808 97 
340 32 107 6.687500 16 0 1 59.562500 -0.084036 0.361229 98 
350 33 110 6.666667 16 0 1 59.636364 -0.093358 0.358231 99 
360 33 113 6.848485 16 0 1 62.060606 -0.074621 0.364211 105 
370 34 116 6.823529 16 0 1 62.235294 -0.073364 0.381119 108 
380 35 119 6.800000 17 0 1 62.628571 -0.081818 0.377536 110 
390 36 122 6.777778 17 0 1 62.388889 -0.070144 0.356305 110 
400 37 125 6.756757 17 0 1 62.216216 -0.067689 0.350782 111 
410 38 128 6.736842 17 0 1 61.578947 -0.041303 0.346814 112 
420 38 131 6.894737 18 0 1 64.578947 -0.054044 0.353817 118 
430 39 134 6.871795 18 0 1 64.307692 -0.049246 0.349951 119 
440 40 137 6.850000 18 0 1 64.100000 -0.041726 0.344119 120 
450 41 140 6.829268 18 0 1 64.048780 -0.038674 0.338214 121 
460 42 143 6.809524 18 0 1 63.619048 -0.025321 0.324341 121 
470 43 146 6.790698 18 0 1 63.162791 -0.018243 0.320345 122 
480 43 149 6.930233 18 0 1 64.558140 -0.014496 0.335149 126 
490 43 152 7.069767 18 0 1 66.883721 -0.017520 0.343413 132 
500 44 155 7.045455 18 0 1 66.227273 0.006466 0.323487 132 
510 44 158 7.181818 18 0 1 68.545455 0.006133 0.329835 138 
520 45 161 7.155556 18 0 1 68.133333 0.011166 0.335468 140 
530 46 164 7.130435 18 0 1 68.000000 0.017091 0.326056 141 
540 47 167 7.106383 18 0 1 67.872340 0.017062 0.314275 141 
550 48 170 7.083333 18 0 1 68.208333 0.007071 0.319037 143 
560 49 173 7.061224 18 0 1 68.244898 0.000926 0.318178 144 
570 50 176 7.040000 18 0 1 67.960000 0.004311 0.316987 145 
580 50 179 7.160000 18 0 1 69.720000 -0.019920 0.313608 147 
590 51 182 7.137255 18 0 1 69.686275 -0.019170 0.311486 148 
600 52 185 7.115385 18 0 1 69.115385 0.002449 0.297071 148 
610 53 188 7.094340 18 0 1 69.283019 -0.017780 0.295734 149 
620 54 191 7.074074 18 0 1 69.222222 -0.020241 0.303048 151 
630 55 194 7.054545 18 0 1 69.200000 -0.021844 0.294580 151 
640 56 197 7.035714 18 0 1 69.285714 -0.038301 0.301028 153 
650 56 200 7.142857 19 0 1 70.821429 -0.033428 0.291004 155 
660 57 203 7.122807 19 0 1 70.280702 -0.015042 0.279466 155 
670 58 206 7.103448 19 0 1 70.172414 -0.012637 0.272102 155 
680 59 209 7.084746 19 0 1 70.135593 -0.016958 0.264275 155 
690 59 212 7.186441 20 0 1 71.898305 -0.029029 0.263544 158 
700 60 215 7.166667 20 0 1 71.900000 -0.034612 0.269201 160 
710 61 218 7.147541 20 0 1 71.508197 -0.022481 0.263083 160 
720 62 221 7.129032 20 0 1 71.612903 -0.027115 0.257853 160 
730 63 224 7.111111 20 0 1 71.206349 -0.020735 0.252173 160 
740 63 227 7.206349 20 0 1 72.793651 -0.041808 0.249484 161 
750 64 230 7.187500 20 0 1 73.093750 -0.055923 0.249845 162 
760 65 233 7.169231 20 0 1 73.046154 -0.064567 0.245372 162 
770 66 236 7.151515 20 0 1 72.545455 -0.051718 0.241053 162 
780 67 239 7.134328 20 0 1 72.388060 -0.046829 0.236377 163 
790 67 242 7.223881 20 0 1 73.432836 -0.047088 0.238332 165 
800 68 245 7.205882 20 0 1 72.794118 -0.026138 0.229925 165 
810 69 248 7.188406 20 0 1 72.347826 -0.012514 0.225903 165 
820 70 251 7.171429 20 0 1 72.114286 -0.002740 0.220725 165 
830 71 254 7.154930 20 0 1 72.028169 -0.002441 0.212000 165 
840 72 257 7.138889 20 0 1 71.611111 0.009982 0.203963 165 
850 72 260 7.222222 21 0 1 72.944444 0.008423 0.203223 167 
860 72 263 7.305556 21 0 1 73.916667 0.000740 0.203918 168 
870 73 266 7.287671 21 0 1 73.561644 0.013183 0.197308 168 
880 74 269 7.270270 21 0 1 73.216216 0.016081 0.200471 169 
890 75 272 7.253333 21 0 1 73.013333 0.016224 0.197445 169 
900 76 275 7.236842 21 0 1 73.000000 0.016373 0.196573 170 
910 77 278 7.220779 21 0 1 72.701299 0.020473 0.192963 170 
920 78 281 7.205128 21 0 1 72.230769 0.032666 0.187497 170 
930 79 284 7.189873 21 0 1 71.721519 0.044370 0.192719 171 
940 80 287 7.175000 21 0 1 71.625000 0.047568 0.190907 172 
950 81 290 7.160494 21 0 1 71.185185 0.060807 0.186081 172 
960 82 293 7.146341 21 0 1 70.780488 0.076734 0.177366 172 
970 83 296 7.132530 21 0 1 70.385542 0.084187 0.174024 172 
980 84 299 7.119048 21 0 1 70.119048 0.089060 0.171647 172 
990 85 302 7.105882 21 0 1 70.188235 0.077855 0.169177 172 
1000 86 305 7.093023 21 0 1 69.906977 0.084663 0.165060 172 
1010 87 308 7.080460 21 0 1 69.747126 0.083366 0.161798 172 
1020 88 311 7.068182 21 0 1 69.568182 0.086490 0.159053 172 
1030 89 314 7.056180 21 0 1 69.595506 0.083381 0.156109 172 
1040 90 317 7.044444 21 0 1 69.311111 0.089210 0.151905 172 
1050 90 320 7.111111 21 0 1 70.000000 0.088231 0.155239 174 
1060 91 323 7.098901 21 0 1 69.846154 0.092665 0.152525 174 
1070 92 326 7.086957 21 0 1 70.021739 0.078555 0.150054 174 
1080 92 329 7.152174 21 0 1 71.304348 0.071230 0.151357 176 
1090 93 332 7.139785 21 0 1 71.032258 0.078583 0.149090 176 
1100 93 335 7.204301 21 0 1 71.935484 0.085097 0.146364 178 
1110 94 338 7.191489 22 0 1 72.170213 0.069339 0.148272 179 
1120 95 341 7.178947 22 0 1 71.873684 0.072924 0.145759 179 
1130 96 344 7.166667 22 0 1 71.666667 0.079084 0.142355 179 
1140 97 347 7.154639 22 0 1 71.855670 0.071952 0.143332 180 
1150 98 350 7.142857 22 0 1 71.551020 0.079020 0.141675 180 
1160 99 353 7.131313 22 0 1 71.616162 0.074530 0.139554 180 
1170 100 356 7.120000 22 0 1 71.540000 0.072741 0.136393 180 
1180 101 359 7.108911 22 0 0 71.287129 0.077527 0.139981 181 
1190 102 362 7.098039 22 0 0 71.215686 0.077749 0.143023 182 
1200 103 365 7.087379 22 0 0 70.970874 0.084116 0.140032 182 
1210 104 368 7.076923 22 0 0 70.961538 0.082733 0.138329 182 
1220 105 371 7.066667 22 0 0 70.800000 0.094174 0.132748 182 
1230 106 374 7.056604 22 0 0 70.584906 0.097120 0.130800 182 
1240 107 377 7.046729 22 0 0 70.355140 0.100644 0.128643 182 
1250 107 380 7.102804 23 0 0 71.364486 0.094360 0.128602 183 
1260 108 383 7.092593 23 0 0 71.000000 0.102715 0.124325 183 
1270 109 386 7.082569 23 0 0 71.174312 0.092252 0.126465 184 
1280 110 389 7.072727 23 0 0 71.200000 0.091046 0.124800 184 
1290 110 392 7.127273 23 0 0 72.490909 0.088594 0.124677 187 
1300 111 395 7.117117 23 0 0 72.162162 0.095429 0.121452 187 
1310 111 398 7.171171 23 0 0 72.810811 0.103900 0.118986 188 
1320 112 401 7.160714 23 0 0 72.732143 0.102086 0.117297 188 
1330 112 404 7.214286 23 0 0 73.446429 0.099890 0.116884 188 
1340 113 407 7.203540 23 0 0 73.115044 0.106084 0.115681 188 
1350 113 410 7.256637 23 0 0 74.247788 0.094468 0.116233 189 
1360 114 413 7.245614 23 0 0 73.982456 0.097486 0.115046 189 
1370 115 416 7.234783 23 0 0 73.982609 0.089979 0.116909 190 
1380 116 419 7.224138 23 0 0 73.672414 0.096656 0.113315 190 
1390 117 422 7.213675 23 0 0 73.641026 0.092741 0.115108 191 
1400 118 425 7.203390 23 0 0 73.491525 0.095503 0.113908 191 
1410 119 428 7.193277 23 0 0 73.344538 0.099159 0.115332 192 
1420 120 431 7.183333 23 0 0 73.133333 0.102823 0.113273 192 
1430 121 434 7.173554 23 0 0 73.057851 0.101475 0.112224 192 
1440 122 437 7.163934 23 0 0 72.868852 0.101813 0.110562 192 
1450 123 440 7.154472 23 0 0 72.666667 0.107168 0.108050 192 
1460 124 443 7.145161 23 0 0 72.403226 0.115123 0.106334 192 
1470 125 446 7.136000 23 0 0 72.224000 0.117379 0.109331 193 
1480 126 449 7.126984 23 0 0 72.206349 0.114643 0.108038 193 
1490 127 452 7.118110 23 0 0 71.968504 0.118694 0.106538 193 
1500 128 455 7.109375 23 0 0 72.031250 0.114157 0.105250 193 
1510 129 458 7.100775 23 0 0 71.891473 0.113213 0.104139 193 
1520 130 461 7.092308 23 0 0 72.015385 0.108984 0.105473 194 
1530 131 464 7.083969 23 0 0 71.954198 0.107152 0.103296 194 
1540 132 467 7.075758 23 0 0 71.969697 0.102281 0.102279 194 
1550 133 470 7.067669 23 0 0 71.864662 0.105043 0.101135 194 
1560 134 473 7.059701 23 0 0 71.985075 0.096711 0.100149 194 
1570 135 476 7.051852 23 0 0 71.777778 0.102068 0.098126 194 
1580 136 479 7.044118 23 0 0 71.750000 0.100332 0.096768 194 
1590 137 482 7.036496 23 0 0 71.591241 0.103995 0.095464 194 
1600 137 485 7.080292 23 0 0 72.291971 0.106604 0.094770 197 
1610 138 488 7.072464 23 0 0 72.536232 0.098566 0.093674 197 
1620 139 491 7.064748 23 0 0 72.532374 0.098313 0.091894 197 
1630 139 494 7.107914 23 0 0 73.712230 0.088920 0.094514 200 
1640 140 497 7.100000 23 0 0 73.628571 0.090416 0.096034 201 
1650 141 500 7.092199 23 0 0 73.602837 0.090907 0.094760 201 
1660 142 503 7.084507 23 0 0 73.492958 0.091815 0.093562 201 
1670 143 506 7.076923 23 0 0 73.384615 0.094188 0.092699 201 
1680 144 509 7.069444 23 0 0 73.263889 0.098824 0.091339 201 
1690 145 512 7.062069 23 0 0 73.062069 0.104879 0.090057 201 
1700 146 515 7.054795 23 0 0 72.808219 0.110209 0.089212 201 
1710 147 518 7.047619 23 0 0 72.925170 0.105773 0.090377 202 
1720 147 521 7.088435 26 0 0 74.272109 0.092075 0.092253 206 
1730 147 524 7.129252 26 0 0 75.496599 0.085073 0.093181 208 
1740 148 527 7.121622 27 0 0 75.540541 0.082944 0.091790 208 
1750 148 530 7.162162 27 0 0 76.216216 0.082230 0.092014 209 
1760 149 533 7.154362 28 0 0 76.348993 0.079390 0.093317 210 
1770 150 536 7.146667 28 0 0 76.160000 0.081652 0.092654 210 
1780 151 539 7.139073 28 0 0 75.986755 0.084079 0.091857 210 
1790 152 542 7.131579 28 0 0 75.710526 0.090535 0.089937 210 
1800 153 545 7.124183 28 0 0 75.633987 0.091041 0.089054 210 
1810 154 548 7.116883 29 0 0 75.948052 0.081082 0.092925 212 
1820 155 551 7.109677 29 0 0 75.845161 0.079735 0.092278 212 
1830 156 554 7.102564 29 0 0 75.705128 0.084134 0.089267 212 
1840 157 557 7.095541 29 0 0 75.732484 0.084263 0.088283 212 
1850 158 560 7.088608 30 0 0 75.987342 0.076803 0.089648 213 
1860 158 563 7.126582 30 0 0 76.506329 0.074548 0.089521 213 
1870 159 566 7.119497 30 0 0 76.452830 0.075665 0.088445 213 
1880 159 569 7.157233 30 0 0 77.320755 0.077665 0.088732 217 
1890 159 572 7.194969 30 0 0 77.937107 0.082386 0.089167 218 
1900 160 575 7.187500 30 0 0 77.912500 0.080545 0.088491 218 
1910 161 578 7.180124 30 0 0 77.776398 0.083483 0.087547 218 
1920 162 581 7.172840 30 0 0 77.753086 0.083751 0.086516 218 
1930 162 584 7.209877 30 0 0 78.259259 0.086349 0.086317 218 
1940 163 587 7.202454 30 0 0 78.098160 0.087577 0.091353 220 
1950 163 590 7.239264 30 0 0 79.116564 0.094865 0.091377 226 
1960 164 593 7.231707 31 0 0 79.219512 0.088601 0.090698 226 
1970 165 596 7.224242 31 0 0 79.248485 0.086631 0.089847 226 
1980 165 599 7.260606 31 0 0 79.890909 0.089060 0.090229 229 
1990 165 602 7.296970 31 0 0 80.690909 0.089113 0.090380 232 
2000 166 605 7.289157 31 0 0 80.650602 0.088765 0.091634 233 
2010 167 608 7.281437 31 0 0 80.443114 0.091064 0.090637 233 
2020 168 611 7.273810 31 0 0 80.428571 0.088327 0.090038 233 
2030 169 614 7.266272 31 0 0 80.485207 0.085708 0.089189 233 
2040 170 617 7.258824 31 0 0 80.247059 0.088784 0.088076 233 
2050 170 620 7.294118 31 0 0 80.800000 0.088203 0.088211 234 
2060 171 623 7.286550 31 0 0 80.701754 0.090201 0.087399 234 
2070 172 626 7.279070 31 0 0 80.453488 0.094613 0.086559 234 
2080 173 629 7.271676 31 0 0 80.231214 0.098381 0.084792 234 
2090 174 632 7.264368 31 0 0 80.252874 0.097827 0.086146 235 
2100 175 635 7.257143 31 0 0 80.068571 0.102200 0.083642 235 
2110 176 638 7.250000 31 0 0 79.840909 0.105767 0.083032 235 
2120 177 641 7.242938 31 0 0 79.785311 0.105172 0.082363 235 
2130 178 644 7.235955 31 0 0 79.595506 0.108097 0.081344 235 
2140 179 647 7.229050 31 0 0 79.508380 0.109109 0.079846 235 
2150 180 650 7.222222 31 0 0 79.377778 0.112463 0.079231 235 
2160 181 653 7.215470 31 0 0 79.502762 0.108070 0.078575 235 
2170 182 656 7.208791 31 0 0 79.362637 0.108559 0.080115 236 
2180 182 659 7.241758 31 0 0 80.142857 0.105948 0.080978 239 
2190 182 662 7.274725 31 0 0 80.989011 0.107105 0.081173 243 
2200 182 665 7.307692 31 0 0 81.461538 0.109914 0.079891 244 
2210 183 668 7.300546 31 0 0 81.497268 0.106482 0.079315 244 
2220 184 671 7.293478 31 0 0 81.380435 0.108720 0.077983 244 
2230 185 674 7.286486 31 0 0 81.308108 0.108119 0.077131 244 
2240 186 677 7.279570 31 0 0 81.129032 0.110808 0.075690 244 
2250 187 680 7.272727 31 0 0 80.951872 0.113942 0.073773 244 
2260 188 683 7.265957 31 0 0 80.989362 0.112529 0.073200 244 
2270 189 686 7.259259 31 0 0 80.846561 0.112514 0.072572 244 
2280 189 689 7.291005 31 0 0 81.396825 0.112738 0.072184 244 
2290 190 692 7.284211 31 0 0 81.242105 0.114500 0.071224 244 
2300 191 695 7.277487 31 0 0 81.204188 0.114482 0.072489 245 
2310 192 698 7.270833 31 0 0 81.260417 0.113235 0.073802 246 
2320 193 701 7.264249 32 0 0 81.461140 0.104218 0.073278 246 
2330 194 704 7.257732 32 0 0 81.412371 0.106691 0.072563 246 
2340 195 707 7.251282 32 0 0 81.394872 0.105020 0.072027 246 
2350 196 710 7.244898 32 0 0 81.275510 0.108074 0.071524 246 
2360 197 713 7.238579 32 0 0 81.319797 0.106715 0.070885 246 
2370 197 716 7.269036 32 0 0 82.142132 0.106558 0.071022 249 
2380 198 719 7.262626 32 0 0 81.959596 0.109606 0.070561 249 
2390 199 722 7.256281 32 0 0 81.829146 0.111287 0.069318 249 
2400 199 725 7.286432 32 0 0 82.592965 0.110404 0.069450 252 
2410 199 728 7.316583 32 0 0 83.577889 0.105226 0.069686 253 
2420 200 731 7.310000 32 0 0 83.360000 0.108643 0.069298 253 
2430 201 734 7.303483 32 0 0 83.213930 0.109000 0.068908 253 
2440 202 737 7.297030 32 0 0 83.207921 0.109164 0.070052 254 
2450 203 740 7.290640 32 0 0 83.152709 0.106866 0.069671 254 
2460 204 743 7.284314 32 0 0 83.029412 0.107673 0.069141 254 
2470 204 746 7.313725 32 0 0 83.843137 0.102664 0.070887 259 
2480 205 749 7.307317 32 0 0 83.912195 0.099464 0.070395 259 
2490 206 752 7.300971 32 0 0 83.941748 0.099273 0.069828 259 
2500 207 755 7.294686 32 0 0 83.768116 0.102230 0.068642 259 
2510 208 758 7.288462 33 0 0 83.894231 0.097406 0.068186 259 
2520 209 761 7.282297 33 0 0 83.799043 0.096370 0.067827 259 
2530 210 764 7.276190 33 0 0 83.761905 0.098890 0.066941 259 
2540 211 767 7.270142 33 0 0 83.620853 0.100576 0.068976 260 
2550 212 770 7.264151 33 0 0 83.716981 0.098514 0.070282 261 
2560 213 773 7.258216 33 0 0 83.849765 0.092946 0.071429 262 
2570 214 776 7.252336 33 0 0 83.672897 0.095791 0.071039 262 
2580 215 779 7.246512 33 0 0 83.534884 0.096940 0.070666 262 
2590 216 782 7.240741 33 0 0 83.444444 0.099094 0.069893 262 
2600 217 785 7.235023 34 0 0 83.603687 0.092983 0.069434 262 
2610 217 788 7.262673 34 0 0 84.552995 0.096183 0.069506 266 
2620 218 791 7.256881 34 0 0 84.504587 0.095945 0.069051 266 
2630 219 794 7.251142 34 0 0 84.538813 0.094252 0.071618 268 
2640 219 797 7.278539 34 0 0 85.251142 0.093534 0.071345 270 
2650 220 800 7.272727 34 0 0 85.218182 0.093100 0.070221 270 
2660 220 803 7.300000 34 0 0 86.254545 0.092336 0.071845 279 
2670 221 806 7.294118 34 0 0 86.262443 0.089002 0.071425 279 
2680 222 809 7.288288 34 0 0 86.450450 0.085060 0.074003 281 
2690 223 812 7.282511 34 0 0 86.421525 0.083910 0.073606 281 
2700 224 815 7.276786 34 0 0 86.339286 0.082051 0.073257 281 
2710 225 818 7.271111 34 0 0 86.222222 0.082926 0.072695 281 
2720 226 821 7.265487 34 0 0 86.044248 0.085482 0.070709 281 
2730 227 824 7.259912 34 0 0 86.061674 0.084966 0.070212 281 
2740 228 827 7.254386 34 0 0 86.122807 0.083418 0.069771 281 
2750 229 830 7.248908 34 0 0 85.895197 0.086720 0.068738 281 
2760 230 833 7.243478 34 0 0 85.817391 0.086685 0.068393 281 
2770 231 836 7.238095 34 0 0 85.774892 0.086156 0.069516 282 
2780 232 839 7.232759 34 0 0 85.775862 0.085689 0.070625 283 
2790 233 842 7.227468 34 0 0 85.673820 0.086560 0.070235 283 
2800 234 845 7.222222 34 0 0 85.589744 0.086008 0.069812 283 
2810 235 848 7.217021 34 0 0 85.446809 0.087592 0.069221 283 
2820 236 851 7.211864 35 0 0 85.601695 0.083270 0.070289 284 
2830 237 854 7.206751 35 0 0 85.645570 0.081508 0.071191 285 
2840 238 857 7.201681 35 0 0 85.689076 0.078109 0.072227 286 
2850 239 860 7.196653 35 0 0 85.715481 0.076442 0.073280 287 
2860 239 863 7.221757 35 0 0 86.376569 0.075411 0.073918 290 
2870 240 866 7.216667 36 0 0 86.558333 0.069404 0.073316 290 
2880 241 869 7.211618 36 0 0 86.556017 0.069736 0.072222 290 
2890 242 872 7.206612 36 0 0 86.438017 0.070855 0.070950 290 
2900 243 875 7.201646 36 0 0 86.345679 0.071731 0.070360 290 
2910 244 878 7.196721 36 0 0 86.204918 0.073126 0.069192 290 
2920 245 881 7.191837 36 0 0 86.171429 0.069824 0.068895 290 
2930 246 884 7.186992 36 0 0 86.105691 0.069703 0.068472 290 
2940 247 887 7.182186 36 0 0 85.935223 0.071925 0.067828 290 
2950 248 890 7.177419 36 0 0 85.814516 0.073147 0.067379 290 
2960 249 893 7.172691 36 0 0 85.638554 0.075193 0.066927 290 
2970 250 896 7.168000 36 0 0 85.568000 0.074329 0.066639 290 
2980 251 899 7.163347 36 0 0 85.577689 0.073131 0.066288 290 
2990 252 902 7.158730 36 0 0 85.444444 0.074774 0.065838 290 
3000 253 905 7.154150 36 0 0 85.525692 0.069799 0.065455 290 
